Cajun: 0.378369255621
Buffet: 0.191374219512
Sushi Bar: 0.0822764341907
Tex-Mex: 0.0802615809186
Mex: 0.0796307904593
Deli: 0.0742241277351
Steakhouse: 0.057680859452
Pizza: 0.0561827321112
